Frequency,WgtFreq,Percent,variable,category_n
2167,3685801,12.4686,sc_age_cat,1
5098,4789923,16.2037,sc_age_cat,2
6831,4883699,16.5209,sc_age_cat,3
7957,4676011,15.8183,sc_age_cat,4
10106,4854327,16.4216,sc_age_cat,5
13757,6670933,22.5669,sc_age_cat,6
33988,20309601,68.7048,sc_cit,1
8486,5664078,19.1608,sc_cit,2
3442,3587015,12.1344,sc_cit,3
2215,4195736,14.1936,sc_edu,1
5592,6379477,21.5809,sc_edu,2
12743,6216595,21.0299,sc_edu,3
25366,12768886,43.1955,sc_edu,4
26923,17940437,60.6902,sc_emp,1
432,321176,1.0865,sc_emp,2
18561,11299081,38.2233,sc_emp,3
11746,10817362,36.5937,sc_hisp,1
34170,18743332,63.4063,sc_hisp,2
29210,17603127,59.5491,sc_housing,1
16706,11957567,40.4509,sc_housing,2
44071,27563062,93.2423,sc_ins,1
1845,1997632,6.7577,sc_ins,2
22710,14734551,49.8451,sc_marit,1
3318,1518377,5.1365,sc_marit,2
6329,2393324,8.0963,sc_marit,3
934,536609,1.8153,sc_marit,4
12625,10377832,35.1069,sc_marit,5
4802,4039697,13.6658,sc_poverty,1
6083,4699678,15.8984,sc_poverty,2
5350,3654004,12.3610,sc_poverty,3
29681,17167315,58.0748,sc_poverty,4
11746,10817362,36.5937,sc_race_ethi,1
22737,12122046,41.0073,sc_race_ethi,2
2110,1637562,5.5397,sc_race_ethi,3
290,144271,0.4880,sc_race_ethi,4
7196,4035650,13.6521,sc_race_ethi,5
95,95989,0.3247,sc_race_ethi,6
1742,707814,2.3944,sc_race_ethi,7
19960,14462595,48.9251,sc_sex,1
25956,15098099,51.0749,sc_sex,2
